1881089711
58709551700
152643051995
683865011253
1990000002116
1990000002205
1990000002205
1990000002205
1990000002366
1990000005381
1990000005398
9210921689401
9210921689401
9780061806360
9780062276179
9780062276179
9780062397348
9780099520481
9780099520481
9780099520481
9780140587647
9780143129677
9780156262248
9780199739967
9780199756971
9780231079891
9780231122450
9780231146111
9780231153980
9780231167277
9780231168816
9780252082542
9780262072892
9780262533287
9780262633376
9780262692267
9780297858287
9780297858287
9780297858287
9780300100914
9780300100914
9780300100914
9780300100914
9780300118056
9780300118056
9780300120578
9780300167917
9780300168013
9780300168013
9780300169171
9780300172317
9780300216790
9780300216929
9780316322423
9780374289355
9780385049603
9780393088809
9780399579660
9780415918244
9780415991407
9780470843314
9780470843314
9780500283646
9780520248229
9780520254060
9780520256569
9780520262065
9780520272903
9780520275768
9780520282285
9780520282759
9780520293267
9780520293281
9780544379800
9780547534251
9780547750316
9780553447453
9780670076598
9780691126159
9780712357357
9780743297790
9780743297790
9780745329703
9780745329703
9780745329703
9780745336220
9780747563891
9780778804994
9780785833796
9780802130624
9780802132130
9780806125299
9780807094600
9780809318681
9780812218992
9780812219319
9780813526102
9780813526379
9780813529608
9780813529608
9780814326459
9780814326893
9780814725337
9780814727690
9780814760284
9780815412250
9780816614028
9780819566607
9780821414675
9780822319238
9780822319238
9780822321989
9780822322436
9780822322641
9780822322641
9780822322641
9780822334132
9780822334132
9780822341154
9780822342816
9780822343868
9780822349778
9780822349860
9780822351115
9780822351115
9780822353621
9780822353737
9780822354215
9780822355342
9780822355946
9780822358695
9780822360049
9780822360049
9780822360049
9780822360094
9780822360407
9780822361237
9780822361237
9780822361596
9780822361596
9780822361664
9780822361961
9780822362326
9780822362876
9780822368175
9780822369004
9780851703107
9780851703107
9780853459910
9780860916642
9780860916642
9780860916642
9780865716100
9780865716568
9780865717138
9780865717879
9780865718104
9780865718319
9780872865457
9780914093114
9780930741815
9780934266352
9780934868075
9780935028041
9780936756097
9780942299496
9780942299496
9780942299496
9780948462665
9780948462665
9780948462665
9780974693514
9780976605485
9780977191109
9780981559391
9780981755618
9780986000799
9780986183515
9780988716254
9780989763769
9780995155107
9780996959506
9781101873441
9781250065667
9781401245252
9781419704420
9781439165324
9781439907092
9781439912089
9781439913000
9781479103218
9781479806652
9781479806898
9781479825172
9781509503414
9781551640266
9781551641782
9781551642963
9781555838508
9781560259350
9781560973577
9781560977483
9781560978473
9781560983705
9781560983705
9781560983705
9781565844711
9781565848887
9781570270727
9781570272974
9781570272974
9781570273124
9781570273124
9781570273124
9781579129811
9781579510107
9781583670934
9781583676257
9781585424269
9781592131303
9781594204807
9781595580382
9781595580641
9781595584946
9781595586780
9781604860528
9781604863963
9781604864069
9781604865318
9781604867619
9781606993958
9781608465330
9781609804206
9781613320105
9781617750144
9781620490723
9781625174871
9781625174871
9781626254060
9781629631172
9781629634500
9781629797403
9781630762612
9781680452532
9781770462793
9781780320496
9781781680193
9781781685815
9781783606108
9781784785956
9781844675685
9781845200916
9781845200916
9781845200916
9781845201937
9781845201937
9781846091018
9781846091018
9781848192645
9781848192645
9781848192645
9781848192935
9781848312180
9781848312180
9781848315891
9781849350976
9781849351867
9781849352154
9781849352406
9781849352468
9781859841389
9781859841389
9781859842072
9781859844878
9781859844878
9781859844878
9781859845493
9781859845493
9781859845493
9781859845493
9781859845981
9781861890917
9781861890917
9781861892881
9781861892881
9781861892881
9781861892898
9781861892898
9781861892898
9781873176474
9781873176474
9781876175603
9781876175856
9781881322146
9781882863600
9781884365775
9781889307084
9781889307305
9781894037303
9781894037303
9781894037549
9781894037549
9781894037549
9781894037587
9781894037587
9781894037617
9781894037822
9781894037921
9781894946223
9781897299210
9781897299906
9781900850520
9781902593678
9781902593692
9781902593777
9781902593777
9781902593777
9781902593777
9781902593821
9781902593821
9781902593883
9781902593883
9781902593883
9781902593944
9781902593944
9781902593944
9781904859994
9781904859994
9781908211422
9781908714473
9781925240344
9781926662909
9781932360806
9781932857184
9781933354866
9781933609010
9781934170298
9781938584350
9781939681690
9781941861202
9781974250509
9781974250509
9781974250509
9781974250509
9781974250509
9782903383879
9782980576386
9783775723299
9786070739484
9786070739583
9786070739583
9786073139250
9788439730484
9788466659888
9789063694517
9781558611566
6891457648645
1990000000000
1990000000263
1990000002298
1990000002588
1990000005350
1990000005350
1990000005350
1990000005350
1990000005350
1990000005473
1990000005473
9780060959470
9780060959470
9780060959494
9780061650758
9780061806469
9780061997761
9780062364685
9780062389657
9780062692313
9780140281132
9780140390445
9780140445688
9780140445688
9780140445695
9780140445701
9780140447576
9780140447576
9780140587647
9780140587647
9780140587647
9780141033914
9780142001615
9780142001615
9780142001615
9780143035831
9780143036531
9780143037248
9780143109785
9780143118077
9780143121237
9780143122777
9780143124405
9780143131298
9780153022517
9780153022517
9780153022517
9780156033077
9780156701532
9780156767507
9780190230852
9780190677961
9780190677961
9780190690519
9780195143676
9780199737239
9780199737239
9780199737239
9780199829880
9780199844395
9780226025988
9780226245348
9780226245348
9780226306728
9780226422640
9780226674490
9780231105927
9780231139359
9780252070679
9780252070679
9780252071874
9780252072208
9780252072697
9780252078118
9780252079283
9780253210876
9780262014984
9780262014984
9780262072861
9780262072861
9780262072861
9780262512497
9780262518109
9780262529860
9780262529860
9780262529877
9780262534420
9780262550659
9780262562362
9780262611497
9780262611497
9780262631860
9780262631860
9780262631860
9780262633376
9780262692267
9780262692267
9780262720427
9780262720427
9780292754188
9780295987965
9780300085020
9780300172317
9780300188288
9780300211467
9780307275929
9780307275929
9780307275936
9780307275967
9780307387288
9780307390431
9780307390677
9780312174910
9780312203603
9780312427993
9780312429249
9780312429270
9780312571290
9780312626686
9780316091015
9780316091060
9780316312479
9780345455826
9780345802804
9780345805102
9780374189976
9780374508845
9780374537197
9780375713712
9780375714610
9780385527460
9780385529969
9780387794754
9780393327540
9780393327540
9780393328493
9780393329773
9780393340518
9780393340518
9780393351644
9780393352191
9780393354324
9780393730944
9780394740676
9780399184352
9780399589607
9780399589607
9780399590566
9780399590566
9780399590566
9780415039499
9780415113199
9780415318983
9780415902571
9780415908115
9780415913935
9780415918251
9780415968164
9780425277973
9780440539810
9780451234216
9780452011502
9780452011502
9780465003365
9780465015153
9780465031382
9780465049660
9780465083619
9780465093229
9780472068678
9780486437873
9780486437873
9780486437873
9780517582251
9780520082649
9780520213821
9780520224810
9780520229174
9780520242418
9780520243842
9780520248786
9780520250024
9780520257139
9780520262478
9780520275973
9780520279025
9780521584357
9780521584357
9780525429845
9780525434696
9780525434696
9780525434696
9780525435136
9780525952077
9780544387669
9780544663329
9780578090511
9780578090511
9780615376257
9780615559773
9780615580395
9780618159413
9780671201531
9780674048522
9780674050563
9780674052291
9780674055810
9780674088702
9780674177642
9780674416758
9780674430006
9780679721109
9780679721123
9780679721130
9780679724674
9780679741954
9780679744719
9780679744726
9780679744733
9780679758693
9780679771265
9780684832074
9780684856575
9780691137476
9780691150697
9780691178479
9780692213995
9780692424285
9780692436301
9780708315828
9780738535210
9780738826240
9780739190654
9780743456081
9780743474351
9780745320106
9780745321998
9780745329253
9780759103061
9780762448845
9780767915472
9780767915472
9780786712052
9780786717316
9780786717750
9780786717750
9780786719938
9780786719938
9780786719938
9780787965334
9780801472572
9780801479205
9780801479519
9780801484650
9780801484650
9780801486760
9780801487125
9780801487125
9780801487125
9780801487347
9780801487347
9780801487620
9780801488801
9780801488801
9780801488870
9780801488948
9780802124616
9780802124685
9780802130907
9780802141323
9780802141323
9780802150271
9780802715562
9780804137416
9780804171359
9780804830546
9780805059106
9780805081244
9780805083354
9780805090833
9780805098075
9780805098297
9780805202410
9780805208023
9780805212136
9780807006238
9780807006238
9780807009604
9780807014172
9780807023815
9780807023815
9780807033173
9780807044650
9780807047354
9780807047354
9780807061046
9780807061152
9780807061879
9780807084861
9780807742044
9780807742044
9780807829813
9780807854600
9780807854600
9780807854600
9780809318681
9780812215939
9780812217193
9780812220179
9780812221640
9780812221916
9780812223743
9780812241068
9780812699050
9780812981568
9780812983623
9780812993547
9780812993547
9780812995305
9780813366531
9780813511894
9780813523224
9780813523224
9780813524160
9780813526102
9780813528717
9780813529424
9780813529639
9780813529967
9780813529967
9780813531014
9780813535593
9780813538525
9780813546186
9780813546186
9780813548890
9780813548890
9780813549682
9780813549705
9780813550114
9780813551548
9780814719206
9780814719206
9780814727010
9780814757109
9780814792582
9780814792582
9780814792582
9780814795538
9780815411253
9780815411253
9780815412250
9780815412250
9780816051380
9780816614028
9780816620869
9780816620869
9780816627370
9780816641604
9780816650484
9780816667741
9780816676071
9780816676491
9780816693238
9780817355432
9780817355432
9780822323181
9780822337997
9780822361251
9780822361275
9780822362333
9780822362906
9780823213528
9780826413680
9780826413680
9780826414021
9780826414021
9780826415387
9780826415387
9780826415387
9780853458081
9780860918967
9780865439016
9780865714182
9780865714632
9780865714748
9780865716094
9780865717220
9780865717916
9780865717992
9780865718135
9780865718173
9780865718654
9780871134691
9780872865013
9780872865136
9780872865372
9780872865679
9780872865808
9780872865891
9780872866317
9780872866584
9780872866935
9780872867383
9780875805528
9780876331828
9780876331828
9780876331828
9780878054930
9780882862910
9780882863115
9780883783443
9780889226951
9780896084681
9780896084827
9780896085237
9780896086173
9780896087248
9780896087538
9780900384936
9780914093114
9780915117246
9780916397760
9780919618985
9780920057025
9780922915866
9780939306008
9780939306046
9780939306053
9780939306053
9780955066498
9780962293795
9780965506472
9780967668734
9780967890944
9780971920644
9780971976207
9780972126304
9780972354400
9780977191109
9780977985012
9780979048692
9780979291005
9780979426407
9780979426407
9780979799327
9780980000000
9780981750620
9780981750637
9780981750637
9780981750675
9780981750675
9780983059752
9780983059752
9780983814931
9780985335397
9780986183515
9780986240096
9780989020794
9780994050717
9780995660946
9780995660946
9780995660946
9780996005098
9780997044423
9780997044423
9780997044430
9780997044478
9780997044478
9781101964835
9781101971741
9781118239247
9781250060860
9781250062185
9781250069276
9781250091208
9781250118134
9781250131089
9781250131089
9781250135995
9781302900533
9781302900533
9781302900540
9781302901912
9781302901912
9781360857558
9781400079285
9781401935153
9781419700200
9781429014953
9781430323075
9781438451145
9781438452241
9781438457604
9781438458588
9781439903124
9781439911990
9781441143808
9781441186508
9781442248618
9781449309879
9781451642223
9781453722886
9781469618241
9781469627052
9781474272704
9781474299275
9781501126345
9781501145391
9781501702402
9781510703353
9781510703360
9781510703377
9781510712737
9781513600123
9781521381472
9781524733131
9781533451514
9781539433064
9781540848369
9781549761355
9781551640020
9781551641522
9781551642260
9781551642727
9781551642826
9781552453018
9781554200214
9781555976903
9781555976903
9781556522307
9781556528064
9781558611436
9781558611566
9781558611566
9781558611566
9781558612730
9781558616110
9781558616134
9781560254058
9781560257417
9781565841475
9781565843424
9781565843424
9781565846920
9781565846920
9781565847767
9781565847996
9781565848115
9781565848139
9781565848184
9781565848337
9781565848337
9781565849549
9781566566483
9781566633284
9781567511727
9781567512304
9781567513363
9781568583396
9781568584782
9781568585215
9781568585239
9781568585420
9781568585420
9781568585550
9781568585987
9781568586137
9781568586427
9781568588247
9781568987873
9781570270796
9781570271755
9781570272073
9781570272073
9781570272073
9781570272165
9781570272189
9781570272240
9781570272240
9781570272240
9781570272561
9781570273186
9781573443500
9781573443500
9781573443500
9781573661720
9781574670615
9781574780208
9781576753576
9781581571899
9781582435893
9781582437798
9781583225813
9781583225813
9781583225813
9781583225813
9781583225813
9781583225813
9781583225905
9781583225905
9781583226018
9781583226322
9781583226735
9781583226858
9781583227176
9781583227268
9781583227343
9781583227657
9781583228524
9781583228821
9781583228890
9781583228951
9781583229170
9781583229170
9781583670057
9781583670477
9781583670934
9781583671252
9781583675465
9781584350347
9781586421267
9781586421267
9781589881105
9781590561768
9781590565100
9781591025566
9781591025566
9781591025566
9781592132362
9781592409259
9781593276485
9781593761974
9781593762025
9781594200243
9781594487873
9781594634017
9781594634802
9781595347534
9781595580306
9781595580306
9781595580306
9781595580504
9781595580504
9781595580511
9781595581037
9781595581143
9781595581211
9781595581891
9781595582003
9781595582126
9781595582126
9781595582126
9781595582164
9781595583963
9781595584076
9781595584076
9781595584076
9781595584076
9781595584113
9781595584113
9781595584113
9781595584137
9781595584403
9781595584403
9781595584748
9781595584861
9781595584960
9781595584960
9781595584960
9781595585417
9781595586285
9781595586438
9781595586438
9781595586438
9781595587176
9781595588104
9781595588302
9781595588739
9781595588791
9781595588982
9781595589194
9781596090309
9781597143615
9781597268172
9781603580892
9781603584135
9781603587273
9781604860351
9781604860375
9781604860474
9781604860535
9781604860535
9781604860566
9781604860580
9781604860702
9781604860733
9781604860924
9781604861099
9781604861105
9781604861105
9781604861136
9781604862126
9781604862157
9781604862249
9781604862249
9781604863000
9781604863024
9781604863307
9781604863321
9781604863345
9781604863352
9781604863406
9781604864199
9781604864298
9781604864403
9781604864427
9781604864533
9781604864557
9781604864830
9781604864878
9781604864908
9781604864991
9781604865004
9781604865004
9781604865318
9781604865899
9781604866544
9781604866667
9781604866797
9781604866834
9781604867367
9781604867466
9781604867947
9781604869552
9781604869569
9781605098821
9781605203157
9781605985824
9781608194025
9781608461523
9781608462216
9781608463107
9781608463718
9781608463930
9781608463930
9781608463985
9781608464012
9781608464029
9781608464074
9781608464630
9781608465620
9781608465644
9781608465644
9781608465644
9781608465958
9781608466191
9781608466504
9781608466702
9781608467174
9781608467433
9781608467990
9781608468584
9781609493714
9781609801342
9781609804800
9781609805531
9781609806972
9781609807368
9781612193175
9781612194004
9781612194004
9781612194196
9781612194196
9781612194578
9781612195186
9781612195360
9781612196190
9781612196244
9781612196596
9781613320167
9781616205348
9781616589301
9781617230103
9781617751707
9781620490006
9781620490006
9781620490075
9781620970270
9781620970942
9781620971154
9781620971284
9781620971314
9781620971376
9781620971482
9781620971482
9781620971833
9781620971833
9781620972540
9781620972731
9781621067399
9781623564568
9781623564568
9781626566743
9781626567658
9781629630342
9781629630953
9781629631073
9781629631097
9781629631097
9781629631127
9781629631141
9781629631141
9781629631196
9781629631479
9781629631486
9781629631493
9781629631530
9781629632247
9781629632285
9781629632292
9781629632339
9781629633794
9781629633817
9781629633817
9781629633848
9781629633848
9781629633855
9781629633893
9781629634371
9781629634371
9781629634388
9781629634449
9781629634456
9781629634487
9781629635033
9781629635033
9781631490712
9781631493010
9781631521416
9781634501941
9781682570005
9781771641227
9781780260327
9781780263908
9781780263960
9781780935355
9781781680179
9781781680971
9781781681213
9781781681640
9781781683170
9781781683255
9781781683279
9781781685754
9781781687598
9781781687932
9781781688137
9781781688687
9781781688854
9781781689837
9781782791263
9781783605484
9781784780432
9781784781187
9781784782078
9781784782269
9781784782290
9781784782443
9781784782474
9781784782474
9781784782740
9781784783167
9781784783457
9781784783648
9781784784096
9781784786113
9781784786175
9781784786618
9781784786625
9781784786632
9781784787264
9781784787431
9781784787691
9781785350498
9781786630544
9781786630681
9781786631145
9781786631909
9781786633682
9781844672578
9781844672790
9781844675067
9781844675159
9781844675258
9781844675258
9781844675388
9781844675708
9781844675784
9781844675784
9781844676309
9781844677139
9781844677665
9781844677696
9781844677702
9781844678617
9781844678839
9781845207502
9781849350006
9781849350044
9781849350044
9781849350242
9781849350242
9781849350242
9781849350631
9781849350860
9781849350990
9781849350990
9781849350990
9781849351164
9781849351942
9781849351942
9781849352055
9781849352079
9781849352079
9781849352079
9781849352079
9781849352079
9781849352079
9781849352079
9781849352079
9781849352079
9781849352093
9781849352154
9781849352291
9781849352420
9781849352505
9781849352642
9781849352666
9781849352703
9781849352703
9781849352703
9781849352703
9781849352727
9781849352727
9781849352789
9781849352789
9781849352888
9781849352888
9781849352888
9781849352888
9781849352901
9781849352901
9781849352901
9781856496971
9781856498357
9781856498357
9781856498357
9781859840115
9781859844120
9781859844687
9781859845837
9781861891228
9781873176054
9781873605165
9781876175849
9781876175962
9781884513756
9781884519215
9781887128445
9781887936507
9781888451795
9781890951634
9781890951634
9781890951948
9781894037648
9781894946391
9781894946391
9781894946391
9781894946391
9781894946391
9781894946612
9781894946612
9781894946612
9781894946612
9781894946629
9781894946629
9781895431766
9781895431766
9781895431766
9781895431766
9781896357027
9781902593340
9781902593432
9781902593562
9781902593562
9781902593562
9781904456636
9781904491057
9781904491057
9781904859079
9781904859284
9781904859529
9781904859666
9781904859765
9781904859765
9781904859918
9781904859918
9781904859918
9781904859918
9781904859963
9781904859963
9781906523404
9781909108448
9781920888176
9781927668313
9781931498647
9781931859424
9781931859998
9781933368559
9781933822181
9781934389034
9781934633106
9781934708040
9781934708552
9781935554660
9781935633228
9781935633228
9781935633228
9781935928850
9781936070596
9781938073908
9781938340444
9781938660184
9781939202017
9781939202017
9781939202017
9781939293466
9781939293466
9781940450469
9781940450469
9781942173021
9781942173045
9781945509063
9781945820014
9781976115165
9781988139005
9783905701128
9788495258045
Manifesto
Manifesto
Manifesto
Manifesto
1990000001307
1990000001307
1990000001307
1990000001338
1990000002175
1990000002175
1990000002229
1990000002229
1990000002229
1990000002366
1990000002410
1990000002427
1990000002465
1990000002465
1990000002526
1990000002571
1990000004339
1990000004339
1990000005275
1990000005299
1990000005398
1990000005404
1990000005558
5751860037884
8262620066795
9210921689401
9210921689982
9780006548072
9780006548072
9780006548072
9780007198757
9780007198757
9780007198757
9780060002282
9780060501310
9780060512187
9780060572341
9780060589462
9780060776091
9780060789879
9780060823221
9780060829643
9780060885908
9780060885908
9780060885908
9780060935221
9780060935221
9780061054884
9780061054884
9780061054884
9780061140396
9780061733529
9780061806360
9780061806360
9780061806469
9780061828515
9780062024060
9780062092892
9780062126962
9780062204691
9780062282712
9780062282712
9780062292070
9780062322586
9780062362599
9780062364685
9780062364784
9780062383273
9780062397348
9780062397348
9780062435095
9780062441706
9780062444899
9780062445056
9780062452986
9780062455789
9780062474315
9780062498533
9780062502896
9780062563811
9780062657602
9780062666918
9780062695697
9780062797223
9780071464574
9780140239454
9780140298512
9780140349542
9780140433302
9780140444537
9780141321073
9780142002681
9780142002681
9780142181195
9780142403020
9780142408476
9780142408476
9780142408476
9780142417331
9780142417331
9780142417331
9780142419182
9780142419182
9780142437858
9780142437858
9780143036487
9780143036487
9780143036487
9780143039433
9780143107903
9780143109372
9780143109372
9780143110446
9780143119289
9780143120100
9780143120100
9780143125785
9780143129677
9780143129677
9780143129677
9780143129677
9780147515827
9780151745982
9780152057701
9780156028158
9780156340403
9780190677961
9780190691486
9780192801821
9780195073072
9780195073072
9780195143676
9780199205561
9780199313914
9780199334698
9780199536047
9780226306902
9780226325279
9780226424217
9780226424217
9780226470498
9780230120778
9780231103558
9780231114493
9780231149556
9780231163194
9780231166843
9780231169547
9780231169547
9780231177863
9780252075438
9780252080463
9780252082542
9780252082542
9780252082542
9780253011060
9780253206329
9780253210876
9780253210876
9780262018418
9780262036160
9780262518178
9780262529280
9780262533331
9780262533355
9780262533355
9780262621137
9780262621137
9780292763586
9780292796089
9780295977751
9780299206741
9780299293949
9780299301941
9780300056693
9780300110371
9780300116045
9780300167917
9780300167917
9780300169171
9780300171280
9780300187922
9780300188189
9780300198232
9780300205183
9780300218671
9780300221183
9780306822780
9780307278241
9780307278838
9780307455918
9780307455925
9780307475466
9780307477439
9780307719829
9780307742513
9780307745439
9780307947901
9780307954480
9780310266303
9780310266303
9780310266303
9780312143299
9780312143299
9780312155391
9780312301569
9780312318710
9780312318949
9780312380588
9780312420987
9780312423308
9780312427061
9780312427900
9780312571146
9780312862114
9780316022361
9780316056878
9780316071987
9780316086868
9780316262347
9780316276962
9780316276979
9780316327916
9780316334006
9780316347846
9780316386555
9780316395786
9780316482943
9780316482943
9780316735490
9780345350688
9780345409874
9780345409874
9780345458445
9780345496096
9780374165826
9780374229702
9780374285166
9780374291860
9780374291860
9780374423292
9780374519049
9780374527877
9780375508158
9780375700132
9780375701894
9780375707544
9780375713699
9780375832901
9780375832901
9780375845154
9780380633135
9780380810338
9780385333795
9780385354387
9780385520621
9780385527071
9780385534246
9780385541459
9780385542036
9780385542036
9780385542364
9780393065503
9780393082081
9780393242713
9780393285949
9780393292558
9780393306422
9780393306774
9780393308310
9780393312843
9780393319729
9780393324693
9780393331639
9780393340242
9780393345070
9780393346008
9780393346008
9780393349474
9780393351972
9780393351972
9780393353662
9780393353860
9780393354256
9780394713519
9780394751221
9780394823379
9780399161940
9780399171796
9780399184765
9780399185618
9780399536892
9780399548123
9780399548123
9780399579660
9780399579660
9780399579660
9780399588174
9780399588174
9780399590566
9780399590566
9780399592461
9780415904292
9780415912129
9780415931533
9780415974516
9780425210239
9780425226896
9780439023498
9780439023498
9780439551892
9780439551908
9780439551915
9780439551922
9780439943659
9780440422099
9780441003709
9780441478125
9780441478125
9780446361880
9780446504133
9780446673624
9780446675505
9780446675789
9780446676106
9780446676977
9780446696166
9780449220603
9780449220603
9780451234193
9780451465641
9780451524935
9780451524935
9780451526342
9780451526342
9780452279551
9780452290020
9780452290020
9780452290020
9780465003471
9780465007660
9780465009091
9780465018079
9780465020140
9780465027613
9780465028429
9780465036622
9780465036691
9780465077144
9780465097418
9780472032365
9780472036356
9780472068678
9780472068678
9780486224848
9780486224848
9780486225432
9780486225432
9780486225449
9780486225449
9780486228990
9780486419558
9780486419558
9780486433691
9780486473161
9780486804842
9780500292587
9780500513958
9780517543054
9780517886076
9780520086579
9780520209312
9780520209312
9780520213821
9780520213821
9780520221550
9780520246218
9780520249899
9780520249929
9780520264298
9780520266254
9780520271470
9780520276802
9780520279995
9780520282506
9780520286757
9780525434696
9780525435006
9780544002234
9780544002234
9780544133310
9780544228108
9780544262997
9780544611610
9780544648944
9780544668256
9780544947108
9780545104753
9780545586177
9780545586177
9780545663267
9780545663267
9780547549255
9780547750330
9780547773742
9780547844183
9780547844183
9780547858203
9780553344028
9780553373806
9780553375404
9780553386738
9780553447255
9780553507782
9780553575378
9780571192229
9780571205998
9780571211401
9780578115337
9780609809068
9780615350912
9780615540009
9780615540009
9780615540009
9780618159413
9780618159413
9780618483792
9780618555987
9780618594450
9780618594450
9780618594450
9780618871711
9780670022519
9780670022519
9780670024780
9780670397877
9780670880461
9780671638108
9780674046641
9780674050563
9780674065987
9780674368224
9780674368385
9780674416598
9780679724872
9780679724872
9780679732761
9780679737438
9780679750543
9780679776390
9780679819424
9780679890522
9780679890522
9780684831824
9780684843261
9780691047898
9780691138183
9780691161037
9780691169064
9780691172422
9780692389614
9780714531588
9780717803972
9780738209500
9780738212289
9780738215914
9780738216713
9780738217444
9780738218991
9780738218991
9780739192849
9780742529779
9780742529786
9780743284462
9780743296281
9780743297790
9780743297790
9780743297790
9780743466271
9780743466271
9780743466271
9780743466271
9780743487481
9780745312590
9780745321998
9780745321998
9780745321998
9780745321998
9780745326832
9780745334936
9780745334936
9780745334936
9780745336862
9780747563891
9780752476865
9780757002540
9780757002540
9780759103061
9780759103061
9780761149873
9780761169086
9780761169277
9780761184317
9780761193111
9780762771462
9780763658069
9780763664428
9780763690922
9780765323149
9780765324801
9780765325778
9780765329097
9780765333704
9780765333841
9780765333841
9780765334701
9780765335104
9780765382962
9780765385253
9780765393111
9780765397362
9780771054778
9780786715909
9780786715909
9780786715909
9780786717743
9780786717743
9780786717927
9780786719105
9780786804788
9780786881628
9780791416723
9780791444429
9780791474488
9780801449925
9780801473579
9780801473579
9780801473579
9780801484698
9780801488801
9780801489433
9780801860058
9780802120533
9780802120588
9780802122513
9780802126207
9780802135858
9780802142153
9780802142498
9780802143150
9780802144010
9780802313331
9780803236097
9780803244832
9780803281905
9780803281905
9780803281905
9780803281905
9780803283916
9780803731936
9780804170505
9780804171359
9780804190114
9780804739221
9780805069952
9780805082852
9780805087444
9780805092776
9780805094862
9780805099539
9780806512440
9780806512440
9780807009604
9780807023815
9780807023815
9780807033098
9780807033326
9780807050217
9780807057834
9780807057834
9780807062654
9780807062654
9780807070048
9780807071700
9780807088982
9780807094266
9780807856062
9780809029570
9780809033591
9780809035533
9780809038718
9780809038718
9780810948464
9780810959545
9780810995949
9780811217828
9780811855730
9780811863384
9780811874557
9780811874557
9780812695892
9780812924121
9780812929904
9780812932409
9780812970166
9780812974447
9780812974478
9780812983265
9780812993547
9780812995305
9780813514420
9780813515137
9780813527536
9780813529097
9780813529967
9780813531014
9780813539737
9780813546155
9780813548746
9780813549989
9780813571140
9780814205846
9780814327074
9780814328941
9780814328941
9780814328941
9780814336069
9780814716281
9780814756010
9780814767528
9780814772508
9780814799758
9780816617876
9780816683246
9780819562982
9780819566607
9780822323181
9780822326991
9780822328032
9780822330219
9780822334132
9780822336457
9780822336488
9780822340041
9780822340423
9780822341147
9780822342397
9780822344391
9780822344391
9780822345640
9780822351122
9780822354017
9780822354529
9780822354529
9780822354529
9780822356257
9780822356790
9780822357834
9780822358749
9780822359289
9780822360094
9780822360384
9780822361299
9780822362425
9780822362722
9780822362906
9780822362906
9780822362951
9780822363255
9780822363651
9780822369769
9780824867225
9780826317971
9780826320940
9780826408037
9780826408037
9780826408037
9780826408037
9780826412744
9780833578471
9780850364354
9780853456100
9780853458616
9780853459187
9780865478794
9780865714212
9780865714489
9780865715561
9780865716667
9780865716698
9780865716766
9780865716971
9780865717091
9780865717138
9780865717183
9780865717206
9780865717299
9780865717336
9780865717510
9780865717589
9780865717602
9780865717626
9780865717756
9780865717763
9780865717855
9780865717893
9780865717893
9780865717930
9780865717947
9780865717961
9780865717961
9780865718012
9780865718050
9780865718074
9780865718111
9780865718128
9780865718142
9780865718258
9780865718302
9780865718463
9780865718517
9780865718531
9780865718555
9780865718661
9780867193718
9780867195965
9780867196160
9780867196603
9780867196603
9780867196603
9780867198218
9780870239946
9780872862890
9780872863903
9780872864115
9780872864757
9780872864788
9780872864863
9780872864887
9780872864948
9780872864979
9780872865099
9780872865273
9780872865389
9780872866294
9780872866836
9780872867079
9780872867154
9780872867307
9780872867383
9780872867383
9780872867383
9780872867383
9780872867451
9780873518611
9780876857441
9780876857441
9780876857441
9780877223429
9780878058952
9780878058952
9780878391875
9780879517595
9780879757458
9780881929119
9780882862040
9780882862842
9780882862910
9780882863634
9780887624650
9780887847660
9780888996701
9780892813551
9780892816552
9780895941220
9780896086500
9780896086500
9780896087101
9780896087620
9780900384820
9780900384844
9780900384844
9780900384998
9780904491111
9780904491111
9780904491111
9780905046280
9780914171072
9780914171973
9780914171973
9780914171973
9780914171980
9780914171980
9780914171980
9780914171980
9780916397647
9780916397685
9780916397685
9780916397685
9780916397883
9780916397968
9780916690373
9780921689164
9780921689164
9780921689485
9780921689522
9780921689980
9780922827220
9780922827220
9780922827220
9780922827220
9780926664074
9780930031404
9780930452490
9780930741815
9780930741815
9780930773182
9780932366009
9780932551061
9780932551191
9780932551481
9780932551719
9780932551955
9780934770392
9780934868075
9780934868327
9780936070520
9780936070681
9780936756271
9780936756868
9780937609781
9780938317531
9780938493204
9780939165537
9780939416592
9780940208087
9780940719293
9780942299014
9780942961317
9780942961317
9780942961317
9780942961317
9780946719808
9780946719808
9780946719808
9780951777589
9780951777589
9780952574439
9780954417772
9780955039010
9780958129022
9780963009609
9780963018052
9780964425835
9780965058407
9780965058407
9780965517928
9780967870328
9780970335579
9780970950055
9780971920606
9780972577106
9780972577106
9780972577106
9780972696746
9780972819640
9780974607801
9780976147534
9780976147558
9780978223304
9780978223304
9780978223304
9780978223304
9780978223304
9780978866518
9780979018824
9780979426414
9780979439117
9780979966651
9780980230024
9780980230024
9780980230024
9780980230024
9780980747508
9780981289717
9780981289717
9780981289717
9780981755618
9780981780580
9780981780580
9780981960050
9780982541104
9780983061588
9780983186335
9780983186380
9780983242215
9780983242253
9780983343707
9780983821182
9780983988809
9780984120802
9780984284450
9780985013141
9780985013172
9780985013172
9780985013172
9780985890957
9780985890957
9780985890995
9780986225017
9780988259607
9780988259607
9780988259607
9780988259607
9780988259607
9780988259607
9780988259607
9780988259607
9780988259607
9780988550810
9780988550810
9780989141147
9780989747417
9780989747417
9780990557166
9780991146598
9780991885411
9780992680305
9780996005005
9780996005005
9780996421805
9780996485234
9780996881005
9780997044461
9780997044478
9780997201741
9780997287011
9780997880809
9780997880809
9780997979701
9780997979787
9780998067216
9780998067216
9781101875438
9781101903476
9781101906187
9781101910160
9781101911761
9781101911761
9781101971062
9781101973240
9781101983829
9781104174521
9781105351969
9781105351969
9781105351969
9781250000156
9781250045065
9781250065995
9781250074652
9781250075161
9781250076229
9781250076229
9781250083258
9781250091208
9781250091208
9781250094636
9781250132215
9781250132604
9781250132697
9781250145000
9781250164926
9781250179456
9781300976011
9781302900533
9781302900533
9781302901523
9781302906504
9781302906504
9781328663795
9781368007825
9781400032051
9781400033911
9781400033911
9781401208417
9781401243838
9781402210488
9781403961464
9781403961464
9781403962300
9781403962430
9781412056793
9781416556961
9781416556961
9781416583004
9781416949008
9781419132964
9781419650642
9781419704437
9781419709470
9781419709906
9781419716560
9781419719455
9781423484486
9781426216893
9781432743772
9781438446325
9781438451145
9781438454269
9781438454764
9781438459745
9781439264287
9781439903032
9781439911464
9781440561191
9781441184269
9781442403437
9781442408890
9781442412163
9781442412637
9781442446373
9781442459939
9781442459960
9781447219903
9781447219903
9781447219903
9781447320869
9781449053130
9781451612561
9781451627015
9781451697391
9781451697391
9781452101330
9781452106960
9781452106960
9781452162812
9781454916161
9781455501373
9781455501748
9781455558223
9781455565382
9781455581092
9781455617838
9781466409323
9781466444119
9781469619880
9781476709130
9781476739342
9781476762098
9781476784724
9781476784748
9781476784809
9781479103218
9781479103218
9781479296033
9781479857593
9781479867219
9781479881703
9781481299183
9781481451390
9781481469135
9781484778586
9781484778586
9781484778586
9781484788400
9781484799239
9781492311911
9781495607394
9781498520867
9781501145797
9781501151125
9781505229158
9781506700632
9781506700892
9781506700892
9781506700892
9781506700991
9781506701042
9781506701271
9781506701707
9781510711624
9781517901486
9781524733155
9781524733155
9781527266728
9781532320644
9781532320644
9781532320644
9781534301535
9781534302310
9781537750460
9781539090694
9781551521589
9781551521879
9781551522340
9781551522340
9781551522548
9781551523606
9781551523606
9781551523606
9781551523606
9781551524801
9781551525006
9781551525341
9781551525778
9781551525792
9781551525921
9781551526003
9781551526003
9781551526317
9781551526430
9781551527055
9781551640266
9781551641027
9781551641027
9781551641782
9781551641843
9781551641843
9781551641928
9781551642048
9781551642826
9781551642864
9781551642864
9781551643106
9781551643182
9781552453452
9781552663844
9781552663844
9781552667019
9781553651680
9781555835507
9781555838508
9781555838508
9781555838676
9781555912086
9781555912086
9781555912086
9781555915377
9781555977337
9781556438189
9781556520747
9781556520747
9781556522390
9781556527173
9781556529450
9781556529504
9781558499195
9781558499195
9781558610248
9781558611436
9781558611436
9781558614185
9781558614192
9781558614208
9781558614291
9781558614338
9781558614376
9781558614574
9781558614574
9781558614574
9781558614833
9781558614833
9781558614833
9781558615656
9781558615830
9781558615847
9781558616103
9781558616691
9781558618169
9781558618183
9781558618220
9781558618251
9781558618619
9781558618725
9781558618893
9781558619210
9781558619234
9781558619272
9781558619418
9781558743663
9781558743663
9781558745155
9781559360784
9781559361828
9781560252863
9781560252863
9781560252863
9781560256427
9781560257165
9781560257165
9781560258025
9781560258025
9781560258025
9781560258025
9781560258025
9781560971870
9781560971870
9781560971870
9781560973577
9781560974321
9781560974383
9781560974383
9781560974383
9781560974703
9781560974963
9781560974963
9781560974963
9781560974963
9781560975106
9781560975496
9781560976318
9781560976318
9781560976318
9781560976608
9781560976844
9781560976844
9781560976844
9781560977414
9781560978060
9781560978060
9781560978473
9781560978725
9781560978725
9781560978725
9781560979388
9781560979388
9781560979388
9781560979876
9781560979876
9781560979876
9781561638857
9781563892677
9781563899539
9781563899577
9781564782243
9781564782373
9781565126053
9781565842564
9781565842847
9781565847118
9781566396189
9781566396929
9781566399258
9781566563369
9781566564526
9781566565813
9781566630399
9781566633284
9781566891257
9781566891585
9781566891639
9781566894074
9781566894401
9781567510980
9781567512625
9781567512762
9781567512762
9781567513127
9781567513141
9781567513226
9781567513387
9781567923438
9781567923438
9781568582955
9781568584133
9781568584218
9781568584218
9781568584218
9781568584287
9781568584287
9781568584461
9781568584782
9781568584942
9781568585192
9781568585369
9781568585369
9781568585703
9781568585758
9781568586007
9781568586007
9781568586342
9781568586410
9781568586816
9781568587080
9781568587264
9781568589886
9781569242735
9781569242735
9781569245668
9781569767047
9781569767092
9781570270727
9781570270727
9781570270727
9781570270727
9781570270888
9781570271816
9781570271816
9781570272080
9781570272431
9781570272714
9781570272714
9781570272745
9781570272813
9781570272844
9781570272844
9781570272844
9781570272844
9781570272844
9781570272844
9781570272844
9781570273186
9781570615085
9781570615719
9781570615719
9781570623950
9781570628122
9781570671050
9781570672002
9781570672002
9781570672002
9781571313379
9781571313560
9781572152984
9781572245136
9781572305625
9781573226561
9781573442282
9781573442282
9781573442541
9781573442541
9781573442541
9781573442541
9781573443432
9781573443432
9781573443432
9781573447799
9781573449045
9781573660297
9781573660402
9781573660402
9781573661072
9781574670615
9781576759448
9781576871737
9781576871737
9781576871737
9781577319542
9781578051250
9781578595075
9781578595075
9781579129514
9781579510107
9781579510299
9781579510299
9781580050678
9781580050753
9781580050890
9781580051101
9781580051101
9781580051101
9781580051170
9781580051217
9781580051606
9781580051606
9781580051965
9781580052399
9781580052399
9781580052399
9781580052443
9781580052580
9781580052580
9781580052702
9781580052726
9781580052733
9781580052733
9781580053013
9781580053082
9781580053389
9781580053440
9781580054744
9781580054744
9781580055642
9781580055826
9781580056595
9781580911863
9781580911863
9781581573060
9781581573879
9781582460291
9781582706559
9781582882352
9781583220245
9781583224939
9781583225400
9781583225653
9781583225653
9781583225844
9781583226025
9781583226032
9781583226803
9781583226957
9781583226971
9781583227206
9781583227282
9781583227367
9781583228500
9781583228548
9781583228692
9781583229163
9781583229262
9781583229262
9781583229279
9781583229323
9781583672471
9781583673324
9781583676257
9781584350132
9781584350187
9781584350378
9781584350460
9781584350507
9781584350538
9781584350767
9781584350774
9781584350804
9781584350965
9781584350972
9781584351061
9781584351061
9781584351108
9781584351146
9781584351672
9781584351733
9781585425150
9781585428007
9781587610851
9781587613371
9781587900150
9781587900150
9781587900150
9781590171363
9781590171523
9781590172186
9781590172476
9781590215791
9781590305355
9781590564301
9781590564301
9781590564301
9781592132034
9781592336364
9781592336814
9781592337347
9781593274092
9781593501075
9781593760540
9781593761950
9781593761974
9781593762124
9781593762124
9781593762124
9781593765002
9781593765170
9781594201868
9781594204425
9781594394928
9781594480874
9781594485756
9781594486517
9781594510519
9781594633942
9781594857478
9781594867132
9781595341402
9781595347862
9781595580115
9781595580382
9781595580641
9781595581402
9781595581402
9781595582003
9781595582003
9781595582157
9781595583420
9781595584748
9781595585400
9781595586223
9781595586391
9781595586438
9781595586438
9781595586438
9781595587749
9781595587756
9781595588241
9781595588296
9781595588722
9781595588814
9781595589101
9781595589101
9781595589101
9781595589804
9781595589859
9781595589873
9781595829368
9781596431096
9781596436589
9781597142939
9781597143646
9781597268165
9781597268172
9781597268233
9781603090544
9781603094023
9781603580045
9781603580564
9781603582155
9781603582872
9781603583923
9781603585835
9781603586283
9781603586740
9781604692853
9781604860023
9781604860047
9781604860054
9781604860092
9781604860191
9781604860214
9781604860320
9781604860344
9781604860344
9781604860498
9781604860511
9781604860559
9781604860573
9781604860719
9781604860757
9781604860757
9781604860764
9781604860764
9781604860764
9781604860832
9781604860887
9781604860900
9781604860900
9781604860900
9781604860900
9781604860931
9781604861051
9781604861068
9781604861082
9781604861112
9781604861129
9781604861143
9781604861143
9781604861143
9781604861983
9781604862003
9781604862003
9781604862058
9781604862065
9781604862072
9781604862089
9781604862096
9781604862140
9781604862140
9781604862201
9781604862218
9781604862225
9781604862225
9781604862232
9781604863093
9781604863154
9781604863161
9781604863185
9781604863239
9781604863291
9781604863291
9781604863291
9781604863291
9781604863291
9781604863291
9781604863314
9781604863338
9781604863383
9781604863925
9781604863949
9781604863956
9781604863956
9781604864014
9781604864021
9781604864038
9781604864182
9781604864212
9781604864229
9781604864267
9781604864274
9781604864304
9781604864540
9781604864915
9781604864922
9781604864939
9781604864946
9781604864946
9781604864953
9781604864977
9781604865028
9781604865035
9781604865035
9781604865097
9781604865165
9781604865233
9781604865752
9781604865820
9781604865875
9781604865875
9781604865875
9781604865950
9781604866780
9781604866803
9781604866858
9781604867220
9781604867220
9781604867480
9781604867619
9781604868104
9781604868104
9781604868128
9781604868258
9781604868258
9781604869491
9781604869583
9781604869606
9781605097312
9781605540795
9781605541273
9781605541570
9781605544052
9781606991466
9781606991466
9781606991473
9781606991473
9781606991473
9781606992906
9781606992906
9781606992906
9781606993026
9781606993026
9781606993026
9781606993033
9781606993101
9781606993651
9781606993651
9781606993651
9781606993958
9781606996140
9781607069461
9781607745310
9781608194544
9781608462131
9781608462315
9781608462537
9781608462537
9781608462537
9781608463039
9781608463251
9781608463343
9781608463602
9781608463855
9781608463916
9781608463923
9781608463954
9781608464661
9781608464661
9781608464661
9781608464708
9781608465187
9781608465583
9781608465644
9781608465644
9781608465705
9781608465767
9781608465767
9781608465767
9781608465767
9781608465774
9781608465972
9781608466276
9781608466504
9781608466504
9781608467174
9781608467174
9781608467211
9781608467402
9781608467402
9781608467402
9781608467617
9781608467679
9781608467730
9781608468522
9781608468584
9781608468584
9781608468584
9781608468614
9781608468904
9781608468904
9781609452742
9781609801397
9781609803513
9781609803780
9781609803803
9781609804169
9781609804503
9781609804503
9781609804527
9781609804589
9781609804718
9781609804718
9781609804787
9781609804855
9781609805159
9781609805159
9781609805395
9781609805395
9781609805395
9781609805395
9781609805395
9781609805395
9781609805692
9781609805692
9781609805692
9781609805876
9781609805890
9781609805920
9781609805920
9781609805920
9781609805920
9781609806064
9781609806217
9781609806354
9781609806354
9781609806514
9781609806538
9781609806637
9781609806705
9781609806989
9781609807245
9781609807368
9781609807580
9781609807580
9781609807757
9781609807818
9781610392877
9781610395717
9781610396004
9781610397704
9781610397735
9781610398084
9781610914499
9781612122311
9781612123530
9781612190907
9781612191461
9781612193496
9781612194004
9781612194158
9781612194370
9781612195216
9781612195636
9781612195735
9781612195759
9781612195773
9781612195896
9781612196169
9781612196329
9781612196329
9781612196367
9781612197036
9781612197036
9781612197036
9781612197036
9781612197036
9781612197050
9781612389585
9781612432984
9781612433950
9781613320174
9781613320211
9781613733325
9781613772355
9781614293163
9781615190133
9781615190980
9781615192236
9781615193066
9781615193424
9781616081348
9781616081348
9781616082321
9781616084080
9781616084080
9781616087227
9781616145934
9781616145934
9781616145934
9781616200466
9781616554316
9781616961985
9781616962364
9781617750311
9781617750786
9781617751301
9781617753107
9781617753558
9781617753787
9781617754098
9781619025998
9781619027206
9781619029170
9781619635548
9781620067406
9781620152072
9781620402528
9781620409701
9781620490051
9781620490174
9781620490174
9781620490181
9781620970386
9781620971093
9781620972106
9781621062035
9781621064909
9781621065180
9781621066477
9781621066477
9781621066477
9781621067665
9781621068723
9781621068952
9781621069294
9781622036677
9781622036677
9781622092079
9781622092079
9781623154752
9781623156800
9781623170417
9781623170516
9781623170622
9781623170707
9781625174871
9781625342133
9781626011991
9781626011991
9781626251489
9781626258310
9781626566743
9781626566743
9781626721586
9781626723313
9781627290012
9781627310451
9781627310505
9781627310543
9781627780407
9781627780414
9781627781466
9781627790567
9781629630298
9781629630298
9781629630304
9781629630311
9781629630328
9781629630335
9781629630359
9781629630359
9781629630380
9781629630397
9781629630397
9781629630403
9781629630410
9781629630434
9781629630922
9781629630946
9781629630946
9781629630977
9781629630984
9781629631004
9781629631011
9781629631011
9781629631035
9781629631042
9781629631059
9781629631103
9781629631103
9781629631110
9781629631158
9781629631158
9781629631165
9781629631189
9781629631219
9781629631219
9781629631219
9781629631219
9781629631219
9781629631219
9781629631226
9781629631233
9781629631257
9781629631271
9781629631271
9781629631295
9781629631400
9781629631448
9781629631448
9781629631448
9781629631462
9781629631462
9781629631462
9781629631462
9781629631462
9781629631462
9781629631509
9781629631509
9781629631509
9781629631516
9781629631516
9781629631523
9781629631547
9781629631547
9781629631547
9781629631851
9781629631868
9781629632261
9781629632261
9781629632278
9781629632315
9781629632315
9781629632322
9781629632339
9781629632346
9781629632360
9781629632360
9781629632384
9781629632384
9781629632391
9781629632391
9781629632391
9781629633794
9781629633824
9781629633855
9781629633855
9781629633855
9781629633862
9781629633862
9781629633909
9781629633916
9781629633923
9781629633923
9781629634388
9781629634418
9781629634449
9781629634500
9781629634500
9781631491344
9781631492853
9781631591167
9781632151933
9781632153661
9781632154743
9781632155429
9781632155467
9781632157171
9781632157171
9781632158321
9781632158994
9781632170576
9781632861238
9781632867537
9781634501941
9781634501941
9781634502207
9781680991284
9781681370491
9781681771663
9781682570517
9781682570517
9781682570678
9781682570678
9781682570678
9781682570678
9781742199924
9781770402621
9781770461147
9781770462748
9781771642484
9781771643016
9781780237343
9781780260716
9781780260822
9781780261331
9781780261768
9781780262260
9781780263274
9781780263328
9781780289724
9781780671062
9781780996073
9781781253762
9781781255308
9781781680742
9781781680773
9781781681442
9781781681589
9781781682951
9781781683231
9781781687536
9781781687628
9781781687864
9781781688809
9781781689233
9781783486649
9781783604142
9781784780364
9781784780432
9781784780548
9781784780593
9781784782085
9781784782771
9781784782771
9781784782894
9781784782894
9781784784393
9781784785314
9781784785888
9781784785994
9781784786816
9781784787301
9781785921339
9781786630193
9781786630858
9781786631060
9781786631060
9781786631176
9781786631237
9781786631329
9781786631343
9781786631732
9781786632128
9781786632883
9781840464313
9781841660233
9781844137879
9781844670765
9781844670765
9781844670970
9781844673537
9781844674503
9781844675319
9781844675449
9781844675524
9781844675616
9781844675647
9781844675968
9781844676019
9781844677443
9781844677498
9781844677764
9781845119843
9781845206758
9781845452308
9781847807748
9781848311817
9781848312067
9781848314191
9781849059527
9781849350020
9781849350020
9781849350020
9781849350037
9781849350044
9781849350068
9781849350112
9781849350112
9781849350136
9781849350136
9781849350174
9781849350174
9781849350174
9781849350181
9781849350204
9781849350204
9781849350204
9781849350235
9781849350235
9781849350273
9781849350631
9781849350648
9781849350648
9781849350648
9781849350662
9781849350662
9781849350761
9781849350761
9781849350785
9781849350785
9781849350785
9781849350822
9781849350822
9781849350822
9781849350822
9781849350976
9781849351010
9781849351010
9781849351034
9781849351034
9781849351034
9781849351034
9781849351034
9781849351058
9781849351058
9781849351126
9781849351126
9781849351126
9781849351140
9781849351140
9781849351140
9781849351140
9781849351188
9781849351201
9781849351201
9781849351225
9781849351225
9781849351324
9781849351324
9781849351324
9781849351362
9781849351409
9781849351447
9781849351669
9781849351669
9781849351683
9781849351706
9781849351706
9781849351706
9781849351720
9781849351959
9781849351959
9781849351959
9781849351973
9781849351997
9781849351997
9781849352031
9781849352031
9781849352031
9781849352031
9781849352031
9781849352079
9781849352079
9781849352093
9781849352093
9781849352093
9781849352093
9781849352093
9781849352093
9781849352093
9781849352093
9781849352093
9781849352093
9781849352093
9781849352116
9781849352154
9781849352154
9781849352154
9781849352215
9781849352239
9781849352314
9781849352383
9781849352383
9781849352444
9781849352444
9781849352444
9781849352444
9781849352444
9781849352482
9781849352482
9781849352482
9781849352529
9781849352529
9781849352543
9781849352567
9781849352604
9781849352604
9781849352642
9781849352642
9781849352642
9781849352642
9781849352666
9781849352703
9781849352727
9781849352727
9781849352727
9781849352727
9781849352765
9781849352765
9781849352765
9781849352765
9781849352840
9781849352840
9781849352840
9781849352840
9781849352840
9781849352840
9781849352840
9781849352840
9781849352840
9781849352840
9781849352840
9781849352840
9781849352840
9781849352888
9781849352901
9781849352949
9781849352949
9781849352949
9781849352949
9781849352949
9781849352963
9781849352963
9781849352963
9781849352963
9781849352963
9781849352963
9781849352987
9781849352987
9781849352987
9781849353007
9781849353007
9781849353007
9781849353007
9781849353007
9781849353007
9781849353007
9781849353007
9781849353007
9781849353007
9781849353007
9781849353007
9781849353007
9781849353007
9781849353007
9781849547505
9781851685554
9781852423278
9781852429379
9781852429379
9781852429379
9781852429645
9781852429645
9781856230278
9781856230346
9781856230346
9781856231374
9781856232753
9781856232937
9781857564129
9781857596977
9781857596977
9781859841679
9781859842065
9781859842614
9781859843956
9781859844151
9781861891693
9781873176054
9781873176351
9781873176351
9781873176528
9781873176832
9781873176832
9781873176870
9781873176870
9781873176870
9781873176870
9781873176887
9781873176887
9781873176894
9781873176993
9781873605905
9781875559541
9781876175764
9781878067456
9781879960855
9781881089568
9781881322122
9781881322122
9781882863600
9781884167324
9781884167454
9781884167454
9781884167454
9781884365058
9781884365195
9781884365195
9781884365300
9781887128636
9781887128728
9781887128728
9781887128728
9781887128827
9781887128841
9781887128841
9781887128841
9781888160666
9781888451450
9781889307237
9781889307305
9781890132279
9781890132644
9781890159238
9781890159238
9781890159351
9781890159771
9781890159771
9781890350635
9781890951610
9781891053849
9781891053849
9781891855290
9781892391186
9781893996588
9781893996588
9781894037099
9781894037099
9781894037099
9781894037259
9781894037327
9781894037327
9781894037327
9781894037327
9781894037334
9781894037518
9781894037563
9781894037761
9781894037822
9781894037921
9781894786867
9781894820219
9781894946872
9781894946872
9781894946872
9781897299906
9781899866472
9781902593029
9781902593029
9781902593029
9781902593036
9781902593036
9781902593388
9781902593418
9781902593593
9781902593593
9781902593616
9781902593678
9781902593692
9781902593708
9781902593708
9781902593708
9781902593784
9781902593906
9781902593920
9781902593920
9781904456292
9781904456940
9781904456995
9781904859031
9781904859031
9781904859062
9781904859062
9781904859062
9781904859062
9781904859109
9781904859116
9781904859116
9781904859116
9781904859116
9781904859222
9781904859246
9781904859246
9781904859253
9781904859277
9781904859321
9781904859338
9781904859338
9781904859505
9781904859505
9781904859529
9781904859536
9781904859574
9781904859574
9781904859574
9781904859574
9781904859574
9781904859635
9781904859659
9781904859659
9781904859765
9781904859796
9781904859826
9781904859833
9781904859833
9781904859857
9781904859888
9781904859888
9781904859901
9781904859901
9781904859956
9781904859956
9781904859987
9781904859987
9781905512164
9781909263789
9781910620014
9781911171027
9781927668061
9781927668061
9781930665644
9781930722279
9781931160322
9781931160551
9781931160582
9781931404150
9781931859615
9781932073546
9781932360110
9781932360189
9781932360189
9781932360189
9781932360295
9781932360349
9781932360707
9781932360707
9781932360806
9781932595086
9781932857184
9781932857184
9781932857184
9781932857184
9781932857184
9781932857184
9781932857184
9781933149226
9781933149257
9781933149257
9781933149257
9781933149257
9781933149332
9781933149660
9781933149660
9781933149660
9781933149660
9781933149677
9781933149677
9781933191010
9781933354125
9781933354323
9781933354590
9781933354873
9781933354873
9781933354996
9781933368986
9781933392042
9781933392271
9781933392271
9781933392271
9781933609027
9781934155806
9781934155806
9781934155806
9781934170007
9781934170069
9781934170090
9781934170588
9781934254615
9781934254615
9781934254615
9781934389591
9781934633212
9781934633212
9781934639153
9781934639153
9781934639160
9781934639160
9781934639160
9781934639177
9781934639177
9781934639184
9781934639184
9781934639191
9781934639207
9781934639207
9781934639207
9781934639221
9781934639221
9781935439653
9781935613183
9781935613183
9781935639640
9781935950127
9781935950127
9781935955054
9781935955146
9781935955467
9781936239146
9781936239580
9781936239771
9781936365845
9781936365913
9781936460236
9781936740833
9781936807239
9781937276768
9781937512255
9781937866198
9781938660177
9781938660177
9781938660184
9781939293657
9781939899187
9781939994646
9781940450247
9781940450254
9781940696010
9781940705057
9781941026342
9781941026403
9781941110256
9781941250112
9781941920206
9781942173007
9781942173014
9781942173052
9781942173069
9781942173069
9781942186007
9781942658108
9781942658108
9781943200009
9781944869021
9781944869069
9781944869106
9781944869120
9781944869144
9781945509056
9781945509131
9781945665004
9781945665004
9781945665004
9781945665066
9781945665066
9781945665066
9781945665066
9781945665066
9781945665066
9781973248613
9781976115165
9786124645518
9788293064121
9788293064268
9788488455079
9788496044548
9788888493428
9789185639465
9789380118475
9789385436413
9789508890337
9789689240174
9789689240174
9789872162429
9791570271785
9791570271785
A Crime Called Freedom
A Crime Called Freedom
A Swamp Full of Dollars: Pipelines and Paramilitaries at Nigeria's Oil Frontier
Abolish Work: "Abolish Restaurants" Plus "Work, Community, Politics, War"
Adios Prison
African Americans: Labor and Society
African-American Political Leaders
African-American Political Leaders
Against His-Story, Against Leviathan!
Against His-Story, Against Leviathan!
An Inquiry into the Causes and Nautrte of the Misery of People
Anarchist Farm
Anarchist Speculations
Anarchist Speculations
anarcho-pessimism
anarcho-pessimism
anarchy 101
anarchy 102
anarchy 103
Anarchy after Leftism
Art as Resistance
At the Cafe: Conversations on Anarchism
At the Cafe: Conversations on Anarchism
Atassa REadings in Eco-extremism
Atassa REadings in Eco-extremism
baedan a queer journal of heresy
baedan a queer journal of heresy
baedan a queer journal of heresy
Baedan: A Queer Journal of Heresay
Baedan: A Queer Journal of Heresay
Between Predicates, War: Theses on Contemporary Struggle by the Institute for Experimental Freedom
Big Numbers
Black Eye pathogenic and perverse
Blessed is the Flame
Blessed is the Flame
Blessed is the Flame
Blessed is the Flame
Boom introductory writings on nihilism
Bratach Dubh 1 collected articles
Bratach Dubh 2 collected articles
Breaking Bread
Brethren of the Coast
Brethren of the Coast
Coming of Age at the End of History
Cracks in a Grey Sky
Cyber Punks: Cyber Freedom
Cyber Punks: Cyber Freedom
Days of War Nights of Love Crimethink for Beginners
Days of War Nights of Love Crimethink for Beginners
Days of War Nights of Love Crimethink for Beginners
Days of War Nights of Love Crimethink for Beginners
Days of War Nights of Love Crimethink for Beginners
Days of War Nights of Love Crimethink for Beginners
Days of War Nights of Love Crimethink for Beginners
Days of War Nights of Love Crimethink for Beginners
Days of War Nights of Love Crimethink for Beginners
De tributos guancascos y otras luchas
Desert
Desert
Desert
Desert
Dewey in 90 Minutes
Dewey in 90 Minutes
egoism
Elpis
Elpis
Evasion
Everything Must Go! The Abolition of Value
Everything Must Go! The Abolition of Value
Everything Must Go! The Abolition of Value
Facing Evil
Facing Evil
Facing Evil
FAmous Long Ago My life and hard Times with the Liberation News Service
Feral Revolution
Feral Revolution
Feral Revolution
Feral Revolution
Feral Revolution
Feral Revolution
Freedom: my dream
From Democracy to Freedom
From Democracy to Freedom
From Democracy to Freedom
From the Ashes of the Old
From the Ashes of the Old
From the Ashes of the Old
Good Girls Bad Girls Sex Trade Workers & Feminists Face to Face
Hope Dies Last
Hope Dies Last
How Fast Can You Run
How Fast Can You Run
How Fast Can You Run
How Many Machiene Guns Does it Take To Cook One Meal?
How They See Us
How They See Us
Huye hombre Huye Diary of a Maximum Security Prisoner
Huye hombre Huye Diary of a Maximum Security Prisoner
Impossible Vacation
Imprimatur
Imprimatur
Instead of Work
It's Crazy HOw Many Things Don't Exist
La Frontera/The Border Art About the Mexico/United States Border Experience
La Frontera/The Border Art About the Mexico/United States Border Experience
Let's Flip the Script
Let's Flip the Script
liminal
liminal
liminal
liminal
liminal
Love & Politics
Mad In USA
Mad In USA
my deep dark pain is love
my Deep Dark Pain is Love A Collection of Latin American Gay Fiction
my Deep Dark Pain is Love A Collection of Latin American Gay Fiction
Name Tagging
Nietzsche and Anarchy
Nietzsche and Anarchy
No Wall They Can Build
No Wall They Can Build
No Wall They Can Build
origins
origins
origins
Portugal The Impossible Revolution?
Queer Ultraviolence
Queer Ultraviolence
Queer Ultraviolence
Queer Ultraviolence
Queer Ultraviolence
Recipes for Disaster: An Anarchist Cookbook
Recipes for Disaster: An Anarchist Cookbook
Recipes for Disaster: An Anarchist Cookbook
Recipes for Disaster: An Anarchist Cookbook
Recipes for Disaster: An Anarchist Cookbook
Recipes for Disaster: An Anarchist Cookbook
Recipes for Disaster: An Anarchist Cookbook
Recipes for Disaster: An Anarchist Cookbook
Recipes for Disaster: An Anarchist Cookbook
Recipes for Disaster: An Anarchist Cookbook
Recipes for Disaster: An Anarchist Cookbook
Recipes for Disaster: An Anarchist Cookbook
Repeal of the Blues
Revolution is More than a Word 23 Theses on Anarchism
Seizing the Airwaves
Seizing the Airwaves
Seizing the Airwaves
Servants of War
Servants of War
silent agitators
silent agitators
spiritual destinations of an anarchist
spiritual journeys of an anarchist
Spree: A Cultural History of Shopping
Spree: A Cultural History of Shopping
State Repression: A Guide for Activists
Street Wars
Strengthening Anarchism's Gender Analysis
Strengthening Anarchism's Gender Analysis
Striking a Light
Stripping Bare the Body
Tame Words From a Wild Heart
The Assasdsination Attempt on Franco from the Air: 1948
The Black Block Papers
The Black Block Papers
The Continuing Appeal of Nationalism
The Experiment of West Kurdistan
The Impossible, Patience Critical Essays 2007-2013
The Irrational in Politics
The Irrational in Politics
The Lives of Sailor Thief Anarchist Convict Alexandre Jacob Vol. 1
The Right to Be Greedy For Ourselves!
The Sharpest Lives Volume #1
The Sharpest Lives Volume #1
The War of Art
The White Rose
Tiqqun and the Matter of Bloom in Contemporary Political Philosophy
Tiqqun and the Matter of Bloom in Contemporary Political Philosophy
Tiqqun and the Matter of Bloom in Contemporary Political Philosophy
To the Indomitable Hearts The Prison Letters of Luciano "Tortuga" Pitronello
Toward an Army of Ghosts: immanence, conflict, and crisis
Toward an Army of Ghosts: immanence, conflict, and crisis
Toward an Army of Ghosts: immanence, conflict, and crisis
Tsuji Jun: Japanese Dadist, Anarchist, Philosopher, Monk
unframed artists aids
Urban Soul Warrior
Urban Soul Warrior
Urban Soul Warrior
Violence & Anarchism: A Polemic
Violence & Anarchism: A Polemic
web dubois black radical democrat
what is gender nihilism
Whitherburo Applied Metaphysics
Work: Capitalism. Economics. Resistance
Work: Capitalism. Economics. Resistance
Work: Capitalism. Economics. Resistance
Work: Capitalism. Economics. Resistance
Work: Capitalism. Economics. Resistance
Work: Capitalism. Economics. Resistance
Work: Capitalism. Economics. Resistance
Work: Capitalism. Economics. Resistance
Work: Capitalism. Economics. Resistance
Workers' Self-Management in Algeria
